12 0.09375 0.1828125 0.009375 0.0171875
7 0.15546875 0.1484375 0.00859375 0.01640625
5 0.275 0.30703125 0.00859375 0.01796875
6 0.3390625 0.246875 0.009375 0.0171875
1 0.4796875 0.36875 0.01015625 0.01953125
10 0.521875 0.28359375 0.00859375 0.01875
11 0.7046875 0.2765625 0.01015625 0.01875
3 0.7234375 0.2015625 0.01015625 0.01953125
5 0.87109375 0.15234375 0.01015625 0.0171875
7 0.88359375 0.0921875 0.01015625 0.01796875
10 0.3140625 0.08125 0.00703125 0.01640625
2 0.3921875 0.084375 0.00859375 0.015625
4 0.46171875 0.08203125 0.0078125 0.01640625
3 0.528125 0.08046875 0.00859375 0.015625