4 0.09921875 0.19375 0.009375 0.01875
6 0.15703125 0.15546875 0.01015625 0.0140625
8 0.2859375 0.315625 0.00859375 0.01875
9 0.34296875 0.26875 0.0078125 0.0171875
2 0.3875 0.08203125 0.01015625 0.01796875
3 0.4546875 0.078125 0.00859375 0.01484375
5 0.52421875 0.0703125 0.009375 0.01796875
0 0.509375 0.33671875 0.01015625 0.01875
4 0.559375 0.28125 0.009375 0.01875
3 0.7046875 0.2828125 0.01015625 0.01796875
7 0.746875 0.215625 0.01015625 0.0171875
3 0.8671875 0.171875 0.01015625 0.01875
12 0.8859375 0.10859375 0.01015625 0.01953125